-6.252705973582138199e+00 9.004630421920758465e-01 9.641674824050616710e-02 -3.616042946988008655e+00
-8.527676166269985814e+00 3.124471363324639483e+00 -4.638454841538264262e-02 -4.763017764994086356e+00
-2.386730455061076839e+00 5.888525635024839389e+00 -1.782078173038021873e+01 -5.528232296788801570e+00
5.012096073701572507e+00 -1.646543210248800904e+00 -3.541371448209279293e+00 -2.138189461328922736e+00
-8.896662154763264496e+00 2.764169757291767837e+00 -7.498789945831994430e+00 -6.418308461320251013e+00
-1.520331972715105451e-01 -1.933689822115239210e+00 -5.801346291315429005e-01 -2.143331759996764951e+00
9.721651902343502627e+00 -7.174810727137355570e+00 4.876734936328046999e+00 -1.019194377581390087e+00
-3.404734854031239877e+00 -9.598987213936425178e-01 3.591611963420553444e-01 -2.601210338127704524e+00
-7.755319545989087793e+00 9.213413952240895100e+00 -2.310569872655130474e+00 -5.951585705382791858e+00
6.317004375299347885e+00 8.677886136772553272e+00 -2.145006856218832247e+00 9.791233474138878456e-01
-8.160046113487879893e+00 -8.015507714258285787e+00 2.424441391693350489e+00 -3.834150014107901239e+00
6.538303537220023998e+00 5.777713722354718584e+00 -2.530955935966442638e+00 6.882952676289820770e-01
-1.721806564174531928e+00 5.596156389641453899e+00 -1.419914483073457800e+00 -2.367274420013490754e+00
2.486041804206413630e+00 5.496078098724034078e+00 -1.338481359004022320e+00 -6.183527303257496666e-01
-9.512078532429500299e+00 -2.191105981336955999e+00 1.813803390235479096e+00 -4.190988390697397925e+00
9.388346548329185026e-01 -8.087321804654209245e+00 2.478760421958202897e+00 -2.484704939461585660e+00
-3.223669516090552634e-01 3.128523684213902811e+00 -1.371654546187579449e+01 -4.703880587645439704e+00
3.730239959254053161e+00 6.858927418836785250e+00 -5.243395657954200040e+00 -7.560328274416103778e-01
-2.020505924824965049e+00 1.809610324006314386e+00 -1.837245328525245691e+00 -2.577322209672059383e+00
-3.804598008363527128e+00 1.065104023621250562e+00 -3.194352960524950547e+00 -3.581776441841328040e+00
