-8.067810742592161688e+00 4.997579866408827343e+00 -4.459469589187435190e+00 -2.409188679092266305e+00
-3.177145960784811152e+00 -5.414239981753386388e+00 -4.159184045365662108e+00 -5.078134857272895708e+00
3.809609597591602892e+00 9.111218007229631155e-01 -3.213681205747657543e+01 -4.505040846393037413e+01
-4.144821842560082459e+00 -1.745954163827443395e+00 -7.410187324328102676e+00 -7.263465539438236362e+00
2.590415366308429057e+00 6.019364071530151961e+00 -7.637775776941419181e+00 -6.823881081067477261e+00
-4.759635272766187697e+00 -8.834568835906759787e+00 -3.640926023303037162e+00 -4.706377482794324330e+00
6.074382262123616982e+00 -2.803676605546296940e-01 -3.488565741562807077e+00 -6.425017167488438652e+00
-7.634648114852378598e+00 -3.982505527047526250e+00 -5.495170405890505094e+00 -5.111039234963051570e+00
-1.276892380141552152e+00 2.861431874628785010e+00 -3.266864341087680756e+00 -2.862531484003873139e+00
-9.352376117315488457e+00 -5.582985897477030335e+00 -3.211502882641831036e+01 -2.987366029936792700e+01
5.184740753088224352e+00 4.720064173814062514e+00 -3.651271133645534572e+00 -4.483354973914607911e+00
-6.602072443187465112e+00 -1.504009684534246105e+00 -3.453037072148260478e+01 -2.979729786528268320e+01
2.199910653280827688e+00 -3.875498260498233094e+00 -6.539132672286976700e+00 -1.036564197548393373e+01
9.195266805919271036e-01 5.584313546360505143e+00 -2.573246214882713545e+00 -2.118542136928924347e+00
3.508470345949621816e+00 8.000179402869285639e+00 -2.815407993128738795e+00 -2.253813233344597933e+00
-5.237945518421913249e+00 4.649530359229583354e+00 -7.802786580164172037e+00 -4.904940793898082241e+00
-1.822735267048864571e+00 -1.315494828951688788e+00 -6.919465228926766187e+00 -7.499011394482579362e+00
8.991084704445707843e+00 4.239611985616750900e+00 -5.808082394397362513e+00 -1.140282968137872643e+01
-2.560926339995632794e+00 1.122683498747081288e+00 -4.265222443729361324e+00 -3.878336016880329140e+00
2.004074088821363731e+00 1.051561587115262597e+00 -3.159335592753444111e+00 -3.825813673152489436e+00
